4378850809233805313
4378850809271554049
4378850809309302785
4378850809342857217
4378850809397383169
4378850809456103425
4378850809506435073
4378850809556766721
4378850809611292673
4378850809665818625
4378850814053060609
4378850814086615041
4378850814120169473
4378850814149529601
4378850814183084033
4378850814220832769
4378850814275358721
4378850814317301761
4378850814367633409
4378850814417965057
4378850818759069697
4378850818801012737
4378850818834567169
4378850818876510209
4378850818914258945
4378850818972979201
4378850819035893761
4378850819082031105
4378850819132362753
4378850819186888705
4378850823364415489
4378850823397969921
4378850823435718657
4378850823817400321
4378850823871926273
4378850823922257921
4378850823955812353
4378850824022921217
4378850824085835777
4378850846584082433
4378850846621831169
4378850846655385601
4378850846701522945
4378850846730883073
4378850846789603329
4378850846827352065
4378850846881878017
4378850846936403969
4378850846995124225
4378850850136657921
4378850850174406657
4378850850228932609
4378850850279264257
4378850850317012993
4378850850367344641
4378850850421870593
4378850850459619329
4378850850518339585
4378850850572865537
4378850853664067585
4378850853697622017
4378850853731176449
4378850853764730881
4378850853798285313
4378850853852811265
4378850853890560001
4378850853945085953
4378850853999611905
4378850854045749249
4378850857006927873
4378850857053065217
4378850857090813953
4378850857136951297
4378850857174700033
4378850857237614593
4378850857292140545
4378850857350860801
4378850857392803841
4378850857447329793
4378850860739858433
4378850860777607169
4378850860815355905
4378850860857298945
4378850860895047681
4378850860928602113
4378850860978933761
4378850861020876801
4378850861083791361
4378850861134123009
4378850864355348481
4378850864397291521
4378850864435040257
4378850864476983297
4378850864510537729
4378850864565063681
4378850864615395329
4378850864653144065
4378850864707670017
4378850864762195969
4378850867803066369
4378850867840815105
4378850867878563841
4378850867920506881
4378850867962449921
4378850868004392961
4378850868058918913
4378850868117639169
4378850868155387905
4378850868209913857
4378850871234007041
4378850871271755777
4378850871317893121
4378850871359836161
4378850871410167809
4378850871456305153
4378850871510831105
4378850871577939969
4378850871632465921
4378850871682797569
4378850874711085057
4378850874744639489
4378850874778193921
4378850874820136961
4378850874857885697
4378850874908217345
4378850874962743297
4378850875000492033
4378850875050823681
4378850875113738241
4378850878225911809
4378850878272049153
4378850878313992193
4378850878347546625
4378850878402072577
4378850878448209921
4378850878502735873
4378850878561456129
4378850878624370689
4378850881921093633
4378850881958842369
4378850882000785409
4378850882042728449
4378850882093060097
4378850882139197441
4378850882193723393
4378850882248249345
4378850882285998081
4378850882344718337
4378850929824239617
4378850929849405441
4378850929887154177
4378850929916514305
4378850929950068737
4378850929979428865
4378850930021371905
4378850930063314945
4378850930096869377
4378850930138812417
4378850930172366849
4378850930210115585
4378850930239475713
4378850930273030145
4378850930302390273
4378850930331750401
4378850930356916225
4378850930386276353
4378850930424025089
4378850930449190913
4378850984752844801
4378850984773816321
4378850984786399233
4378850984828342273
4378850984870285313
4378850984899645441
4378850984945782785
4378850984949977089
4378850984991920129
4378850985054834689
4378850985071611905
4378850985126137857
4378850985142915073
4378850985205829633
4378850985210023937
4378850985281327105
4378850985268744193
4378850985306492929
4378850985356824577
4378850985411350529
4378850985411350530
4378850985457487873
4378850985465876481
4378850985503625217
4378850985541373953
4378850985524596737
4378850985528791041
4378850985579122689
4378850985604288513
4378850985633648641
4378850985637842945
4378850985621065729
4378850985692368897
4378850985683980289
4378850985738506241
4378850985746894849
4378850985763672065
4378850985797226497
4378850985805615105
4378850985826586625
4378850985839169537
4378850985876918273
4378850985893695489
4378850985918861313
4378850985939832833
4378850985952415745
4378850985998553089
4378850985985970177
4378850986027913217
4378850986040496129
4378850986090827777
4378850986095022081
4378850986128576513
4378850986170519553
4378850986166325249
4378850986187296769
4378850986199879681
4378850986237628417
4378850986250211329
4378850986262794241
4378850986313125889
4378850986321514497
4378850986334097409
4378850986355068929
4378850986363457537
4378850986392817665
4378850986413789185
4378850986434760705
4378850986443149313
4378850986501869569
4378850986501869570
4378850986531229697
4378850986552201217
4378850986577367041
4378850986594144257
4378850986610921473
4378850986644475905
4378850986652864513
4378850986694807553
4378850986724167681
4378850986719973377
4378850986753527809
4378850986791276545
4378850986803859457
4378850986824830977
4378850986862579713
4378850986879356929
4378850986904522753
4378850986921299969
4378850986946465793
4378850986984214529
4378850987063906305
4378850987072294913
4378850987110043649
4378850987164569601
4378850987135209473
4378850987198124033
4378850987219095553
4378850987277815809
4378850987277815810
4378850987294593025
4378850987290398721
4378850987340730369
4378850987357507585
4378850987395256321
4378850987458170881
4378850987453976577
4378850987479142401
4378850987571417089
4378850987542056961
4378850987625943041
4378850987655303169
4378850987680468993
4378850987630137345
4378850987714023425
4378850987810492417
4378850987835658241
4378850987793715201
4378850987806298113
4378850987856629761
4378850987927932929
4378850987948904449
4378850987965681665
4378850987974070273
4378850987999236097
4378850988024401921
4378850988062150657
4378850988078927873
4378850988083122177
4378850988120870913
4378850988146036737
4378850988213145601
4378850988204756993
4378850988242505729
4378850988229922817
4378850988284448770
4378850988284448769
4378850988318003201
4378850988343169025
4378850988368334849
4378850988401889281
4378850988431249409
4378850988435443713
4378850988481581057
4378850988473192449
4378850988515135489
4378850988531912705
4378850988548689921
4378850988569661441
4378850988561272833
4378850988607410177
4378850988636770305
4378850988657741825
4378850988678713345
4378850988682907649
4378850988695490561
4378850988712267777
4378850988745822209
4378850988758405121
4378850988766793729
4378850988783570945
4378850988846485505
4378850988842291201
4378850988863262721
4378850988867457025
4378850988909400065
4378850988913594369
4378850988959731713
4378850988926177281
4378850988993286145
4378850989039423489
4378850989060395009
4378850989106532353
4378850989165252609
4378850989156864001
4378850989240750081
4378850989240750082
4378850989265915905
4378850989307858945
4378850989328830465
4378850989370773505
4378850989353996289
4378850989391745025
4378850989437882369
4378850989484019713
4378850989471436801
4378850989538545665
4378850989521768449
4378850989584683009
4378850989597265921
4378850989588877313
4378850989643403265
4378850989668569089
4378850989718900737
4378850989727289345
4378850989739872257
4378850989777620993
4378851032509190145
4378851032626630657
4378851032651796481
4378851032655990785
4378851032706322433
4378851032693739521
4378851032781819905
4378851032836345857
4378851032827957249
4378851032844734465
4378851032886677505
4378851032928620545
4378851032991535105
4378851033012506625
4378851033054449665
4378851033062838273
4378851033104781313
4378851033150918657
4378851033167695873
4378851033192861697
4378851033234804737
4378851033268359169
4378851033285136385
4378851033310302209
4378851033352245249
4378851033331273729
4378851033402576897
4378851033444519937
4378851033457102849
4378851033511628801
4378851033540988929
4378851033608097793
4378851033549377537
4378851033603903489
4378851033654235137
4378851033679400961
4378851033733926913
4378851033809424385
4378851033817812993
4378851033922670593
4378851033926864897
4378851033939447809
4378851033977196545
4378851033981390849
4378851034023333889
4378851034031722497
4378851034052694017
4378851034073665537
4378851034103025665
4378851034123997185
4378851034149163009
4378851034165940225
4378851034178523137
4378851034233049089
4378851034224660481
4378851034237243393
4378851034270797825
4378851034274992129
4378851034295963649
4378851034325323777
4378851034337906689
4378851034400821249
4378851034421792769
4378851034371461121
4378851034446958593
4378851034493095937
4378851034455347201
4378851034514067457
4378851034560204801
4378851034572787713
4378851034610536449
4378851034635702273
4378851034631507969
4378851034702811137
4378851034694422529
4378851034715394049
4378851034732171265
4378851034769920001
4378851034782502913
4378851034807668737
4378851034832834561
4378851034841223169
4378851034866388993
4378851034887360513
4378851034925109249
4378851034950275073
4378851034971246593
4378851034946080769
4378851034962857985
4378851035004801025
4378851035021578241
4378851035050938369
4378851035109658625
4378851035122241537
4378851035180961793
4378851035222904833
4378851035168378881
4378851035298402305
4378851035235487745
4378851035361316865
4378851035357122561
4378851035441008641
4378851035457785857
4378851035503923201
4378851035537477633
4378851035596197889
4378851035545866241
4378851035583614977
4378851035646529537
4378851035705249793
4378851035738804225
4378851035751387137
4378851035755581441
4378851035789135873
4378851035822690305
4378851035856244737
4378851035881410561
4378851035889799169
4378851035906576385
4378851035910770689
4378851035952713729
4378851035973685249
4378851036019822593
4378851036007239681
4378851036065959937
4378851036070154241
4378851036074348545
4378851036095320065
4378851036128874497
4378851036170817537
4378851036187594753
4378851036200177665
4378851036254703617
4378851036237926401
4378851036284063745
4378851036317618177
4378851036372144129
4378851036372144130
4378851036397309953
4378851036409892865
4378851036443447297
4378851036506361857
4378851036489584641
4378851036523139073
4378851036535721985
4378851036577665025
4378851036598636545
4378851036573470721
4378851036627996673
4378851036669939713
4378851036657356801
4378851036669939714
4378851036703494145
4378851036737048577
4378851036711882753
4378851036753825793
4378851036795768833
4378851036816740353
4378851036804157441
4378851036854489089
4378851036875460609
4378851036913209345
4378851036900626433
4378851036942569473
4378851036971929601
4378851036992901121
4378851037013872641
4378851037022261249
4378851037039038465
4378851037101953025
4378851037131313153
4378851037106147329
4378851037206810625
4378851037169061889
4378851037173256193
4378851037219393537
4378851037244559361
4378851037278113793
4378851037307473921
4378851037311668225
4378851037349416961
4378851037357805569
4378851037416525825
4378851037420720129
4378851037429108737
4378851037471051777
4378851037492023297
4378851037559132161
4378851037550743553
4378851037571715073
4378851037626241025
4378851037663989761
4378851037718515713
4378851037701738497
4378851037760458753
4378851037789818881
4378851037819179009
4378851037869510657
4378851037915648001
4378851038007922689
4378851038012116993
4378851038075031553
4378851038091808769
4378851038150529025
4378851038163111937
4378851038196666369
4378851038234415105
4378851038305718273
4378851038322495489
4378851038326689793
4378851038356049921
4378851038377021441
4378851038393798657
4378851038406381569
4378851038435741697
4378851038456713217
4378851038481879041
4378851038519627777
4378851038507044865
4378851038553182209
4378851038586736641
4378851038611902465
4378851038637068289
4378851038670622721
4378851038695788545
4378851038708371457
4378851038750314497
4378851038767091713
4378851038825811969
4378851038834200577
4378851038863560705
4378851038880337921
4378851038918086657
4378851038955835393
4378851038964224001
4378851038989389825
4378851039022944257
4378851039052304385
4378851039048110081
4378851039077470209
4378851039127801857
4378851039131996161
4378851039148773377
4378851039161356289
4378851039190716417
4378851039199105025
4378851039232659457
4378851039249436673
4378851039266213889
4378851039299768321
4378851039312351233
4378851039320739841
4378851039350099969
4378851039362682881
4378851039404625921
4378851039408820225
4378851039438180353
4378851039459151873
4378851039492706305
4378851039526260737
4378851039568203777
4378851039589175297
4378851039618535425
4378851039656284161
4378851039689838593
4378851039698227201
4378851039765336065
4378851039744364545
4378851039798890497
4378851039819862017
4378851039874387969
4378851039907942401
4378851039937302529
4378851039933108225
4378851039958274049
4378851039979245569
4378851039996022785
4378851040033771521
4378851040050548737
4378851040084103169
4378851040075714561
4378851040096686081
4378851040117657601
4378851040138629121
4378851040163794945
4378851040180572161
4378851040214126593
4378851040218320897
4378851040256069633
4378851040281235457
4378851040302206977
4378851040331567105
4378851040373510145
4378851040390287361
4378851040428036097
4378851040444813313
4378851040499339265
4378851040537088001
4378851040562253825
4378851040616779777
4378851040629362689
4378851040650334209
4378851040658722817
4378851040704860161
4378851040730025985
4378851040771969025
4378851040788746241
4378851040801329153
4378851040834883585
4378851040855855105
4378851040876826625
4378851040885215233
4378851040889409537
4378851040922963969
4378851040939741185
4378851040952324097
4378851041002655745
4378851040990072833
4378851041019432961
4378851041040404481
4378851041057181697
4378851041099124737
4378851041086541825
4378851041115901953
4378851041141067777
4378851041162039297
4378851041208176641
4378851041237536769
4378851041203982337
4378851041266896897
4378851041287868417
4378851041308839937
4378851041346588673
4378851041380143105
4378851041413697537
4378851041422086145
4378851041447251969
4378851041489195009
4378851041497583617
4378851041514360833
4378851041556303873
4378851041568886785
4378851041589858305
4378851041615024129
4378851041640189953
4378851041669550081
4378851041656967169
4378851041698910209
4378851041728270337
4378851041736658945
4378851041766019073
4378851041774407681
4378851041795379201
4378851041841516545
4378851041824739329
4378851041862488065
4378851041887653889
4378851041904431105
4378851041933791233
4378851041971539969
4378851041979928577
4378851042051231745
4378851042114146305
4378851042135117825
4378851042168672257
4378851042202226689
4378851042248364033
4378851042265141249
4378851042323861505
4378851042328055809
4378851042374193153
4378851042390970369
4378851042411941889
4378851042445496321
4378851042479050753
4378851042525188097
4378851042541965313
4378851042575519745
4378851042625851393
4378851042671988737
4378851042747486209
4378851042743291905
4378851042772652033
4378851042802012161
4378851042864926721
4378851042915258369
4378851042948812801
4378851042898481153
4378851042994950145
4378851043024310273
4378851043099807745
4378851043166916609
4378851043183693825
4378851043238219777
4378851043254996993
4378851043313717249
4378851043322105857
4378851043334688769
4378851043368243201
4378851043393409025
4378851043414380545
4378851043435352065
4378851043477295106
4378851043477295105
4378851043527626753
4378851043540209665
4378851043586347009
4378851043607318529
4378851043632484353
4378851043649261569
4378851043682816001
4378851043707981825
4378851043716370433
4378851043745730561
4378851043791867905
4378851043808645121
4378851043863171073
4378851043884142593
4378851043934474241
4378851043951251457
4378851044018360321
4378851044014166017
4378851044060303361
4378851044077080577
4378851044106440705
4378851044148383745
4378851044173549569
4378851044190326785
4378851044198715393
4378851044236464129
4378851044270018561
4378851044265824257
4378851044286795777
4378851044345516033
4378851044400041985
4378851044383264769
4378851044404236289
4378851044454567937
4378851044462956545
4378851044542648321
4378851044517482497
4378851044559425537
4378851044613951489
4378851044592979969
4378851044643311617
4378851044685254657
4378851044702031873
4378851044731392001
4378851044769140737
4378851044806889473
4378851044836249601
4378851044865609729
4378851044882386945
4378851044920135681
4378851044936912897
4378851044978855937
4378851044995633153
4378851045020798977
4378851045045964801
4378851045066936321
4378851045104685057
4378851045117267969
4378851045134045185
4378851045167599617
4378851045184376833
4378851045205348353
4378851045222125569
4378851045259874305
4378851045255680001
4378851045276651521
4378851045293428737
4378851045306011649
4378851045356343297
4378851045381509121
4378851045385703425
4378851045406674945
4378851045423452161
4378851045486366721
4378851045473783809
4378851045507338241
4378851045633167361
4378851045637361665
4378851045687693313
4378851045712859137
4378851045754802177
4378851045771579393
4378851045809328129
4378851045847076865
4378851045893214209
4378851045905797121
4378851045947740161
4378851046048403457
4378851046023237633
4378851046065180673
4378851046094540801
4378851046140678145
4378851046170038273
4378851046199398401
4378851046266507265
4378851046232952833
4378851046304256001
4378851046346199041
4378851046383947777
4378851046409113601
4378851046430085121
4378851046501388289
4378851046501388290
4378851046513971201
4378851046555914241
4378851046568497153
4378851046614634497
4378851046639800321
4378851046664966145
4378851046706909185
4378851046732075009
4378851046761435137
4378851046790795265
4378851046811766785
4378851046845321217
4378851046878875649
4378851046891458561
4378851046937595905
4378851046916624385
4378851046962761729
4378851046996316161
4378851047013093377
4378851047088590849
4378851047105368065
4378851047176671233
4378851047235391489
4378851047285723137
4378851047310888961
4378851047365414913
4378851047386386433
4378851047436718081
4378851047449300993
4378851047508021249
4378851047562547201
4378851047566741505
4378851047604490241
4378851047646433281
4378851047671599105
4378851047700959233
4378851047742902273
4378851047755485185
4378851047772262401
4378851047822594049
4378851047826788353
4378851047847759873
4378851047898091521
4378851047919063041
4378851047956811777
4378851047981977601
4378851048023920641
4378851048091029505
4378851048107806721
4378851048128778241
4378851048149749761
4378851048195887105
4378851048225247233
4378851048283967489
4378851048355270657
4378851048405602305
4378851048460128257
4378851048485294081
4378851048535625729
4378851048611123201
4378851048598540289
4378851048632094721
4378851048690814977
4378851048644677633
4378851048724369409
4378851048762118145
4378851048774701057
4378851048820838401
4378851048862781441
4378851048879558657
4378851048913113089
4378851048929890305
4378851048988610561
4378851048971833345
4378851049022164993
4378851049043136513
4378851049110245377
4378851049118633985
4378851049147994113
4378851049194131457
4378851049236074497
4378851049248657409
4378851049273823233
4378851049315766273
4378851049328349185
4378851049345126401
4378851049382875137
4378851049403846657
4378851049437401089
4378851049449984001
4378851049496121345
4378851049521287169
4378851049533870081
4378851049567424513
4378851049588396033
4378851049647116289
4378851049659699201
4378851049689059329
4378851049726808065
4378851049731002369
4378851049772945409
4378851049806499841
4378851049848442881
4378851049852637185
4378851049881997313
4378851049911357441
4378851049944911873
4378851049965883393
4378851049999437825
4378851050024603649
4378851050053963777
4378851050070740993
4378851050087518209
4378851050112684033
4378851050146238465
4378851050150432769
4378851050175598593
4378851050192375809
4378851050234318849
4378851050255290369
4378851050284650497
4378851050272067585
4378851050318204929
4378851050314010625
4378851050351759361
4378851050385313793
4378851050381119489
4378851050427256833
4378851050448228353
4378851050456616961
4378851050485977089
4378851050515337217
4378851050523725825
4378851050561474561
4378851050590834689
4378851050603417601
4378851050641166337
4378851050666332161
4378851050670526465
4378851050720858113
4378851050729246721
4378851050775384065
4378851050796355585
4378851050846687233
4378851050838298625
4378851050859270145
4378851050880241665
4378851050897018881
4378851050917990401
4378851050959933441
4378851050968322049
4378851050985099265
4378851050989293569
4378851051039625217
4378851051043819521
4378851051060596737
4378851051077373953
4378851051089956865
4378851051123511297
4378851051136094209
4378851051165454337
4378851051173842945
4378851051190620161
4378851051224174593
4378851051240951809
4378851051274506241
4378851051287089153
4378851051299672065
4378851051329032193
4378851051350003713
4378851051370975233
4378851051379363841
4378851051400335361
4378851051429695489
4378851051433889793
4378851051463249921
4378851051480027137
4378851051509387265
4378851051521970177
4378851051618439169
4378851051580690433
4378851051639410689
4378851051672965121
4378851051693936641
4378851051693936642
4378851051719102465
4378851051761045505
4378851051782017025
4378851051777822721
4378851051823960065
4378851051832348673
4378851051828154369
4378851051891068929
4378851051878486017
4378851051916234753
4378851051928817665
4378851051953983489
4378851051958177793
4378851051987537921
4378851052037869570
4378851052037869569
4378851052025286657
4378851052058841089
4378851052088201217
4378851052121755649
4378851052146921473
4378851052163698689
4378851052167892993
4378851052176281601
4378851052214030337
4378851052247584769
4378851052251779073
4378851052260167681
4378851052302110721
4378851052323082241
4378851052356636673
4378851052331470849
4378851052385996801
4378851052419551233
4378851052465688577
4378851052478271489
4378851052469882881
4378851052532797441
4378851052553768961
4378851052557963265
4378851052595712001
4378851052616683521
4378851052620877825
4378851052650237953
4378851052687986689
4378851052742512641
4378851052738318337
4378851053040308225
4378851053111611393
4378851053157748737
4378851053224857601
4378851053317132289
4378851053396824065
4378851053468127233
4378851053539430401
4378851053564596225
4378851053606539265
4378851053644288001
4378851053715591169
4378851053753339905
4378851053866586113
4378851053887557633
4378851053921112065
4378851054000803841
4378851054013386753
4378851054072107009
4378851054059524097
4378851054101467137
4378851054155993089
4378851054172770305
4378851054214713345
4378851054239879169
4378851054269239297
4378851054298599425
4378851054336348161
4378851054365708289
4378851054374096897
4378851054428622849
4378851054441205761
4378851054478954497
4378851054499926017
4378851054537674753
4378851054562840577
4378851054617366529
4378851054638338049
4378851054701252609
4378851054650920961
4378851054768361473
4378851054780944385
4378851054818693121
4378851054873219073
4378851054902579201
4378851054940327937
4378851054957105153
4378851054994853889
4378851054973882369
4378851055087128577
4378851055066157057
4378851055120683009
4378851055141654529
4378851055166820353
4378851055200374785
4378851055208763393
4378851055229734913
4378851055275872258
4378851055275872257
4378851055301038081
4378851055334592513
4378851055342981121
4378851055372341249
4378851055405895681
4378851055447838721
4378851055460421633
4378851055481393153
4378851055498170369
4378851055561084929
4378851055607222273
4378851055569473537
4378851055611416577
4378851055636582401
4378851055674331137
4378851055678525441
4378851055699496961
4378851055737245697
4378851055770800129
4378851055783383041
4378851055808548865
4378851055829520385
4378851055871463425
4378851055879852033
4378851055976321025
4378851056026652674
4378851056005681153
4378851056026652673
4378851056043429889
4378851056089567233
4378851056114733057
4378851056144093185
4378851056152481793
4378851056169259009
4378851056207007745
4378851056219590657
4378851056248950785
4378851056295088129
4378851056316059649
4378851056345419777
4378851056370585601
4378851056429305857
4378851056420917249
4378851056471248897
4378851056517386241
4378851056534163457
4378851056546746369
4378851056567717889
4378851056618049537
4378851056626438145
4378851056651603969
4378851056714518529
4378851056735490049
4378851056781627393
4378851056785821697
4378851056852930561
4378851056865513473
4378851056920039425
4378851056928428033
4378851056961982465
4378851056970371073
4378851057016508417
4378851057033285633
4378851057058451457
4378851057100394497
4378851057159114753
4378851057112977409
4378851057192669185
4378851057180086273
4378851057247195137
4378851057255583745
4378851057310109697
4378851057322692609
4378851057373024257
4378851057435938817
4378851057419161601
4378851057477881857
4378851057503047681
4378851057532407809
4378851057561767937
4378851057599516673
4378851057628876801
4378851057641459713
4378851057666625537
4378851057683402753
4378851057695985665
4378851057746317313
4378851057763094529
4378851057784066049
4378851057792454657
4378851057826009089
4378851057842786305
4378851057872146433
4378851057888923649
4378851057918283777
4378851057897312257
4378851057935060993
4378851057956032513
4378851057985392641
4378851057985392642
4378851058014752769
4378851058052501505
4378851058056695809
4378851058102833153
4378851058107027457
4378851058140581889
4378851058165747713
4378851058169942017
4378851058207690753
4378851058228662273
4378851058241245185
4378851058278993921
4378851058283188225
4378851058291576833
4378851058350297089
4378851058367074305
4378851058388045825
4378851058425794561
4378851058438377473
4378851058459348993
4378851058539040769
4378851058534846465
4378851058572595201
4378851058572595202
4378851058618732545
4378851058643898369
4378851058669064193
4378851058698424321
4378851058694230017
4378851058723590145
4378851058748755969
4378851058773921793
4378851058841030657
4378851058853613569
4378851058916528129
4378851058941693953
4378851059012997121
4378851059092688897
4378851059109466113
4378851059122049025
4378851059168186369
4378851059218518017
4378851059243683841
4378851059289821185
4378851059323375617
4378851059344347137
4378851059377901569
4378851059403067393
4378851059457593345
4378851059491147777
4378851059524702209
4378851059545673729
4378851059562450945
4378851059612782593
4378851059692474369
4378851059709251585
4378851059730223105
4378851059776360449
4378851059805720577
4378851059809914881
4378851059843469313
4378851059864440833
4378851059877023745
4378851059910578177
4378851059944132609
4378851059960909825
4378851059986075649
4378851060019630081
4378851060044795905
4378851060078350337
4378851060099321857
4378851060128681985
4378851060153847809
4378851060179013633
4378851060212568065
4378851060237733889
4378851060254511105
4378851060300648449
4378851060321619969
4378851060401311745
4378851060413894657
4378851060439060481
4378851060485197825
4378851060518752257
